        54:692  80:692  61:692  50:692  76:692  57:692  74:4153 54:346  80:346  61:346  66:346  50:346  64:346  71:346  83:346  69:346  45:692  52:692  81:173  83:173  80:173  42:692  81:346  57:346  45:346  42:346  40:692  66:692  74:692  81:692  59:692  68:346  59:1038 62:692  73:692  64:692  74:346  49:692  71:692  52:346  47:692  40:346  85:692  83:692  85:346  68:692  73:346  69:692  69:1384 56:692  59:346  47:346  76:346  49:346  49:519  81:519  54:519  57:519  64:519  78:346  62:346  71:1384 64:1384 68:1384 86:346  47:519  56:519  56:346  52:173  88:346  49:1384 56:1384 
81      4       14      5       4       4       4       2       4       28      5       5       4       4       2       18      19      6       2       10      14      1       3       3       1       2       2       1       3       2       2       1       1       0       0       0       0       0       0       0       0       0       0       0       0       0       0       0       0       0       0       0       0       0       0       0       0       0       0       0       0       0       0       0       0       0       0       0       0       0       0       0       0       
54      6       6       10      1       2       1       0       4       12      4       0       0       0       0       1       8       0       2       3       2       0       0       5       0       0       0       0       5       1       4       0       0       1       3       1       1       1       1       0       0       0       0       0       0       0       0       0       0       0       0       0       0       0       0       0       0       0       0       0       0       0       0       0       0       0       0       0       0       0       0       0       0       
80      5       2       5       3       4       0       0       4       0       0       0       16      1       2       0       0       0       3       0       0       0       3       32      0       8       16      1       7       1       10      2       0       0       2       2       0       0       0       5       2       4       1       0       0       0       0       0       0       0       0       0       0       0       0       0       0       0       0       0       0       0       0       0       0       0       0       0       0       0       0       0       0       
61      1       5       9       0       5       0       0       0       0       0       1       0       2       0       2       3       6       4       0       0       0       0       9       0       0       0       0       6       0       4       3       0       0       1       3       0       2       1       1       0       0       0       3       2       4       1       2       2       0       0       0       0       0       0       0       0       0       0       0       0       0       0       0       0       0       0       0       0       0       0       0       0       
66      3       4       1       6       4       5       0       0       2       0       0       0       2       0       2       7       1       1       0       0       0       0       3       0       0       0       0       2       2       1       0       0       0       0       2       1       0       0       0       0       0       0       0       0       0       0       1       0       1       0       0       0       0       0       0       0       0       0       0       0       0       0       0       0       0       0       0       0       0       0       0       0       
50      0       0       0       7       4       13      0       0       8       0       0       0       3       2       8       24      6       5       0       0       0       0       4       0       0       0       0       2       5       4       0       0       0       1       1       6       1       0       0       0       0       0       0       0       0       0       0       3       0       0       0       0       0       0       0       0       0       0       0       0       0       0       0       0       0       0       0       0       0       0       0       0       
76      0       0       8       1       4       5       0       0       0       0       0       0       4       2       0       15      6       4       0       0       0       0       4       0       0       0       0       3       0       6       3       0       0       1       3       5       0       0       2       0       0       0       3       2       0       2       0       1       0       1       0       0       0       0       0       0       0       0       0       0       0       0       0       0       0       0       0       0       0       0       0       0       
57      1       0       1       1       0       6       2       0       0       0       0       0       1       1       4       9       0       0       3       1       0       0       4       0       0       0       0       3       1       3       0       0       0       1       0       4       0       1       0       0       0       0       0       0       0       0       3       3       0       0       0       0       0       0       0       0       0       0       0       0       0       0       0       0       0       0       0       0       0       0       0       0       
64      3       1       4       0       0       3       2       2       9       4       0       3       7       3       5       18      1       4       2       1       0       1       1       1       4       0       0       1       0       1       0       1       2       1       1       2       6       3       0       4       0       1       0       0       0       1       6       6       0       2       1       1       0       0       0       0       0       0       0       0       0       0       0       0       0       0       0       0       0       0       0       0       
74      2       0       6       1       9       0       0       0       0       2       0       1       1       0       0       6       4       6       0       0       0       0       0       0       2       0       0       1       0       1       0       0       0       1       2       2       0       0       0       2       1       0       0       0       0       1       6       3       0       1       0       0       4       0       0       0       0       0       0       0       0       0       0       0       0       0       0       0       0       0       0       0       
69      0       0       2       4       2       1       0       7       4       4       3       16      8       9       0       4       5       0       0       0       0       1       14      19      0       6       0       0       0       0       0       4       1       0       7       0       5       3       0       0       0       0       0       0       0       1       6       1       0       0       0       0       19      10      2       3       2       1       1       1       3       1       1       1       0       0       0       0       0       0       0       0       
73      5       1       4       4       3       5       0       0       0       0       0       0       4       2       0       0       6       9       0       0       0       0       0       0       2       0       1       0       6       4       1       0       0       1       0       6       9       0       6       1       0       1       0       0       0       2       0       0       0       2       0       0       0       0       0       0       0       0       0       0       0       1       1       1       0       0       0       0       0       0       0       0       
45      1       0       6       0       7       0       0       0       0       0       0       0       4       2       8       0       10      22      0       0       0       3       8       0       0       0       1       0       6       0       5       0       0       0       1       2       2       0       6       0       4       0       0       2       0       1       2       3       0       0       0       0       0       0       0       0       0       0       0       0       0       0       0       0       8       0       0       0       0       0       0       0       
52      1       0       15      0       10      0       0       0       2       0       0       0       5       0       0       2       3       12      0       0       0       0       3       0       0       0       0       0       1       0       10      0       0       0       3       1       4       0       2       0       0       0       3       2       8       0       1       4       0       0       2       0       0       0       0       0       0       0       0       0       0       0       0       0       8       0       0       0       0       0       0       0       
68      4       0       1       0       0       0       0       1       1       1       0       0       0       1       0       0       0       0       0       0       0       2       0       0       0       0       0       0       0       2       2       0       0       0       0       8       0       1       0       0       0       0       0       0       0       2       0       5       0       0       0       0       0       0       0       0       0       0       0       0       0       0       1       0       0       0       0       0       0       0       0       0       
71      1       0       0       4       0       0       0       0       0       0       1       2       5       0       0       0       0       0       0       0       0       0       6       1       0       2       0       2       0       0       4       2       0       0       4       0       0       2       0       0       1       0       0       0       0       2       4       1       0       1       3       6       2       0       0       1       0       0       0       0       0       0       0       0       0       1       1       4       0       0       0       0       
56      0       1       0       0       0       1       0       1       6       1       0       0       0       0       1       0       0       0       3       1       0       2       0       0       0       0       0       0       0       0       1       0       0       0       0       1       0       1       0       0       0       0       0       0       0       0       0       1       0       1       0       0       0       0       0       0       0       0       0       0       0       0       1       0       0       0       0       0       0       0       0       0       
59      0       0       1       0       0       0       0       0       0       0       0       0       6       0       2       1       0       0       1       0       0       0       9       0       0       0       0       0       0       0       2       0       0       0       0       3       0       0       0       1       0       0       0       2       4       1       1       1       0       0       3       0       0       0       0       0       0       0       0       0       0       0       0       1       0       0       0       0       0       0       0       0       
85      0       0       0       0       1       0       0       0       0       4       0       0       0       0       8       0       2       3       0       0       0       0       0       0       8       0       0       0       0       1       0       0       0       0       0       0       0       0       0       0       0       0       0       2       0       0       0       0       0       0       4       0       0       0       0       0       0       0       0       0       0       0       0       0       8       0       0       0       0       0       0       0       
83      0       0       0       0       2       0       0       8       3       0       2       8       7       0       3       0       0       2       0       0       0       0       30      0       8       10      0       0       0       0       2       0       0       0       0       0       0       0       0       10      0       1       0       0       8       0       0       0       0       0       0       0       0       0       0       0       0       0       0       0       3       0       0       0       0       0       0       5       1       0       0       0       
86      0       0       0       0       0       0       0       0       0       4       0       0       0       0       0       0       0       0       0       0       0       0       0       0       0       0       0       0       0       0       0       0       0       0       0       0       0       0       0       8       0       0       0       0       0       0       0       0       0       0       4       0       0       0       0       0       0       0       0       0       0       0       0       0       0       0       0       0       0       8       0       0       
88      0       0       0       0       0       0       0       0       0       0       0       0       0       0       0       0       0       0       0       0       0       0       0       0       0       0       0       0       0       0       0       0       0       0       0       0       0       0       0       0       0       0       0       0       8       0       0       0       0       0       0       0       0       0       0       0       0       0       0       0       0       0       0       0       0       0       0       0       0       0       0       0       
42      1       0       1       0       0       1       0       0       10      0       0       0       0       4       0       22      0       0       0       0       0       4       1       0       0       0       0       0       0       0       0       0       0       0       0       0       0       4       3       0       4       0       0       0       0       1       0       0       0       1       0       1       0       0       0       1       0       0       0       0       0       0       0       0       0       1       1       1       0       0       0       0       
49      2       0       1       1       0       1       0       0       0       0       0       0       0       0       1       6       0       0       3       2       0       1       0       0       0       0       0       1       0       0       0       0       0       0       0       3       0       1       0       0       0       0       0       0       0       0       0       2       0       1       0       0       0       0       0       0       0       0       0       0       0       0       1       0       0       0       0       0       0       0       1       1       
47      0       0       0       0       0       0       0       0       0       0       0       0       0       3       1       0       0       0       3       1       0       0       1       0       0       0       0       0       0       0       0       0       0       0       0       1       0       0       0       0       2       0       0       0       0       2       0       0       0       2       0       1       0       0       0       1       0       0       0       0       0       0       1       0       0       1       1       1       0       0       0       0       
78      0       0       0       0       0       0       0       0       0       0       0       0       0       0       0       1       0       0       0       0       0       0       0       0       0       0       0       0       0       0       0       0       0       0       0       0       0       0       0       0       0       0       0       0       0       0       0       0       0       0       0       0       0       0       0       0       0       0       0       0       0       0       0       0       0       0       0       0       0       0       0       0       
40      0       0       0       0       0       0       0       0       1       0       0       0       1       1       0       1       0       0       0       0       0       0       0       0       0       0       1       0       1       0       0       0       0       0       0       0       0       1       0       0       2       0       0       0       0       1       0       0       0       1       0       0       0       0       0       0       0       0       0       0       0       0       0       0       0       0       0       0       0       0       0       0       
62      1       0       0       0       0       0       0       0       3       0       0       0       0       0       1       0       1       1       2       0       0       0       0       0       0       0       0       2       1       1       0       0       0       1       0       1       0       0       0       0       0       0       0       0       0       0       1       0       0       0       0       0       0       0       0       0       0       0       0       0       0       0       0       0       0       0       0       0       0       0       0       0       
