        54:692  80:692  61:692  50:692  76:692  57:692  74:4153 54:346  80:346  61:346  66:346  50:346  64:346  71:346  83:346  69:346  45:692  52:692  81:173  83:173  80:173  42:692  81:346  57:346  45:346  42:346  40:692  66:692  74:692  81:692  59:692  68:346  59:1038 62:692  73:692  64:692  74:346  49:692  71:692  52:346  47:692  40:346  85:692  83:692  85:346  68:692  73:346  69:692  69:1384 56:692  59:346  47:346  76:346  49:346  49:519  81:519  54:519  57:519  64:519  78:346  62:346  71:1384 64:1384 68:1384 86:346  47:519  56:519  56:346  52:173  88:346  49:1384 56:1384 
81      0.022   0.078   0.028   0.022   0.022   0.022   0.011   0.022   0.156   0.028   0.028   0.022   0.022   0.011   0.1     0.106   0.033   0.011   0.056   0.078   0.006   0.017   0.017   0.006   0.011   0.011   0.006   0.017   0.011   0.011   0.006   0.006   0.0     0.0     0.0     0.0     0.0     0.0     0.0     0.0     0.0     0.0     0.0     0.0     0.0     0.0     0.0     0.0     0.0     0.0     0.0     0.0     0.0     0.0     0.0     0.0     0.0     0.0     0.0     0.0     0.0     0.0     0.0     0.0     0.0     0.0     0.0     0.0     0.0     0.0     0.0     0.0     
54      0.071   0.071   0.118   0.012   0.024   0.012   0.0     0.047   0.141   0.047   0.0     0.0     0.0     0.0     0.012   0.094   0.0     0.024   0.035   0.024   0.0     0.0     0.059   0.0     0.0     0.0     0.0     0.059   0.012   0.047   0.0     0.0     0.012   0.035   0.012   0.012   0.012   0.012   0.0     0.0     0.0     0.0     0.0     0.0     0.0     0.0     0.0     0.0     0.0     0.0     0.0     0.0     0.0     0.0     0.0     0.0     0.0     0.0     0.0     0.0     0.0     0.0     0.0     0.0     0.0     0.0     0.0     0.0     0.0     0.0     0.0     0.0     
80      0.035   0.014   0.035   0.021   0.028   0.0     0.0     0.028   0.0     0.0     0.0     0.113   0.007   0.014   0.0     0.0     0.0     0.021   0.0     0.0     0.0     0.021   0.227   0.0     0.057   0.113   0.007   0.05    0.007   0.071   0.014   0.0     0.0     0.014   0.014   0.0     0.0     0.0     0.035   0.014   0.028   0.007   0.0     0.0     0.0     0.0     0.0     0.0     0.0     0.0     0.0     0.0     0.0     0.0     0.0     0.0     0.0     0.0     0.0     0.0     0.0     0.0     0.0     0.0     0.0     0.0     0.0     0.0     0.0     0.0     0.0     0.0     
61      0.012   0.061   0.11    0.0     0.061   0.0     0.0     0.0     0.0     0.0     0.012   0.0     0.024   0.0     0.024   0.037   0.073   0.049   0.0     0.0     0.0     0.0     0.11    0.0     0.0     0.0     0.0     0.073   0.0     0.049   0.037   0.0     0.0     0.012   0.037   0.0     0.024   0.012   0.012   0.0     0.0     0.0     0.037   0.024   0.049   0.012   0.024   0.024   0.0     0.0     0.0     0.0     0.0     0.0     0.0     0.0     0.0     0.0     0.0     0.0     0.0     0.0     0.0     0.0     0.0     0.0     0.0     0.0     0.0     0.0     0.0     0.0     
66      0.059   0.078   0.02    0.118   0.078   0.098   0.0     0.0     0.039   0.0     0.0     0.0     0.039   0.0     0.039   0.137   0.02    0.02    0.0     0.0     0.0     0.0     0.059   0.0     0.0     0.0     0.0     0.039   0.039   0.02    0.0     0.0     0.0     0.0     0.039   0.02    0.0     0.0     0.0     0.0     0.0     0.0     0.0     0.0     0.0     0.0     0.02    0.0     0.02    0.0     0.0     0.0     0.0     0.0     0.0     0.0     0.0     0.0     0.0     0.0     0.0     0.0     0.0     0.0     0.0     0.0     0.0     0.0     0.0     0.0     0.0     0.0     
50      0.0     0.0     0.0     0.065   0.037   0.121   0.0     0.0     0.075   0.0     0.0     0.0     0.028   0.019   0.075   0.224   0.056   0.047   0.0     0.0     0.0     0.0     0.037   0.0     0.0     0.0     0.0     0.019   0.047   0.037   0.0     0.0     0.0     0.009   0.009   0.056   0.009   0.0     0.0     0.0     0.0     0.0     0.0     0.0     0.0     0.0     0.0     0.028   0.0     0.0     0.0     0.0     0.0     0.0     0.0     0.0     0.0     0.0     0.0     0.0     0.0     0.0     0.0     0.0     0.0     0.0     0.0     0.0     0.0     0.0     0.0     0.0     
76      0.0     0.0     0.094   0.012   0.047   0.059   0.0     0.0     0.0     0.0     0.0     0.0     0.047   0.024   0.0     0.176   0.071   0.047   0.0     0.0     0.0     0.0     0.047   0.0     0.0     0.0     0.0     0.035   0.0     0.071   0.035   0.0     0.0     0.012   0.035   0.059   0.0     0.0     0.024   0.0     0.0     0.0     0.035   0.024   0.0     0.024   0.0     0.012   0.0     0.012   0.0     0.0     0.0     0.0     0.0     0.0     0.0     0.0     0.0     0.0     0.0     0.0     0.0     0.0     0.0     0.0     0.0     0.0     0.0     0.0     0.0     0.0     
57      0.019   0.0     0.019   0.019   0.0     0.113   0.038   0.0     0.0     0.0     0.0     0.0     0.019   0.019   0.075   0.17    0.0     0.0     0.057   0.019   0.0     0.0     0.075   0.0     0.0     0.0     0.0     0.057   0.019   0.057   0.0     0.0     0.0     0.019   0.0     0.075   0.0     0.019   0.0     0.0     0.0     0.0     0.0     0.0     0.0     0.0     0.057   0.057   0.0     0.0     0.0     0.0     0.0     0.0     0.0     0.0     0.0     0.0     0.0     0.0     0.0     0.0     0.0     0.0     0.0     0.0     0.0     0.0     0.0     0.0     0.0     0.0     
64      0.025   0.008   0.034   0.0     0.0     0.025   0.017   0.017   0.076   0.034   0.0     0.025   0.059   0.025   0.042   0.151   0.008   0.034   0.017   0.008   0.0     0.008   0.008   0.008   0.034   0.0     0.0     0.008   0.0     0.008   0.0     0.008   0.017   0.008   0.008   0.017   0.05    0.025   0.0     0.034   0.0     0.008   0.0     0.0     0.0     0.008   0.05    0.05    0.0     0.017   0.008   0.008   0.0     0.0     0.0     0.0     0.0     0.0     0.0     0.0     0.0     0.0     0.0     0.0     0.0     0.0     0.0     0.0     0.0     0.0     0.0     0.0     
74      0.031   0.0     0.092   0.015   0.138   0.0     0.0     0.0     0.0     0.031   0.0     0.015   0.015   0.0     0.0     0.092   0.062   0.092   0.0     0.0     0.0     0.0     0.0     0.0     0.031   0.0     0.0     0.015   0.0     0.015   0.0     0.0     0.0     0.015   0.031   0.031   0.0     0.0     0.0     0.031   0.015   0.0     0.0     0.0     0.0     0.015   0.092   0.046   0.0     0.015   0.0     0.0     0.062   0.0     0.0     0.0     0.0     0.0     0.0     0.0     0.0     0.0     0.0     0.0     0.0     0.0     0.0     0.0     0.0     0.0     0.0     0.0     
69      0.0     0.0     0.011   0.022   0.011   0.005   0.0     0.038   0.022   0.022   0.016   0.088   0.044   0.049   0.0     0.022   0.027   0.0     0.0     0.0     0.0     0.005   0.077   0.104   0.0     0.033   0.0     0.0     0.0     0.0     0.0     0.022   0.005   0.0     0.038   0.0     0.027   0.016   0.0     0.0     0.0     0.0     0.0     0.0     0.0     0.005   0.033   0.005   0.0     0.0     0.0     0.0     0.104   0.055   0.011   0.016   0.011   0.005   0.005   0.005   0.016   0.005   0.005   0.005   0.0     0.0     0.0     0.0     0.0     0.0     0.0     0.0     
73      0.057   0.011   0.045   0.045   0.034   0.057   0.0     0.0     0.0     0.0     0.0     0.0     0.045   0.023   0.0     0.0     0.068   0.102   0.0     0.0     0.0     0.0     0.0     0.0     0.023   0.0     0.011   0.0     0.068   0.045   0.011   0.0     0.0     0.011   0.0     0.068   0.102   0.0     0.068   0.011   0.0     0.011   0.0     0.0     0.0     0.023   0.0     0.0     0.0     0.023   0.0     0.0     0.0     0.0     0.0     0.0     0.0     0.0     0.0     0.0     0.0     0.011   0.011   0.011   0.0     0.0     0.0     0.0     0.0     0.0     0.0     0.0     
45      0.009   0.0     0.053   0.0     0.061   0.0     0.0     0.0     0.0     0.0     0.0     0.0     0.035   0.018   0.07    0.0     0.088   0.193   0.0     0.0     0.0     0.026   0.07    0.0     0.0     0.0     0.009   0.0     0.053   0.0     0.044   0.0     0.0     0.0     0.009   0.018   0.018   0.0     0.053   0.0     0.035   0.0     0.0     0.018   0.0     0.009   0.018   0.026   0.0     0.0     0.0     0.0     0.0     0.0     0.0     0.0     0.0     0.0     0.0     0.0     0.0     0.0     0.0     0.0     0.07    0.0     0.0     0.0     0.0     0.0     0.0     0.0     
52      0.01    0.0     0.147   0.0     0.098   0.0     0.0     0.0     0.02    0.0     0.0     0.0     0.049   0.0     0.0     0.02    0.029   0.118   0.0     0.0     0.0     0.0     0.029   0.0     0.0     0.0     0.0     0.0     0.01    0.0     0.098   0.0     0.0     0.0     0.029   0.01    0.039   0.0     0.02    0.0     0.0     0.0     0.029   0.02    0.078   0.0     0.01    0.039   0.0     0.0     0.02    0.0     0.0     0.0     0.0     0.0     0.0     0.0     0.0     0.0     0.0     0.0     0.0     0.0     0.078   0.0     0.0     0.0     0.0     0.0     0.0     0.0     
68      0.125   0.0     0.031   0.0     0.0     0.0     0.0     0.031   0.031   0.031   0.0     0.0     0.0     0.031   0.0     0.0     0.0     0.0     0.0     0.0     0.0     0.062   0.0     0.0     0.0     0.0     0.0     0.0     0.0     0.062   0.062   0.0     0.0     0.0     0.0     0.25    0.0     0.031   0.0     0.0     0.0     0.0     0.0     0.0     0.0     0.062   0.0     0.156   0.0     0.0     0.0     0.0     0.0     0.0     0.0     0.0     0.0     0.0     0.0     0.0     0.0     0.0     0.031   0.0     0.0     0.0     0.0     0.0     0.0     0.0     0.0     0.0     
71      0.016   0.0     0.0     0.063   0.0     0.0     0.0     0.0     0.0     0.0     0.016   0.032   0.079   0.0     0.0     0.0     0.0     0.0     0.0     0.0     0.0     0.0     0.095   0.016   0.0     0.032   0.0     0.032   0.0     0.0     0.063   0.032   0.0     0.0     0.063   0.0     0.0     0.032   0.0     0.0     0.016   0.0     0.0     0.0     0.0     0.032   0.063   0.016   0.0     0.016   0.048   0.095   0.032   0.0     0.0     0.016   0.0     0.0     0.0     0.0     0.0     0.0     0.0     0.0     0.0     0.016   0.016   0.063   0.0     0.0     0.0     0.0     
56      0.0     0.043   0.0     0.0     0.0     0.043   0.0     0.043   0.261   0.043   0.0     0.0     0.0     0.0     0.043   0.0     0.0     0.0     0.13    0.043   0.0     0.087   0.0     0.0     0.0     0.0     0.0     0.0     0.0     0.0     0.043   0.0     0.0     0.0     0.0     0.043   0.0     0.043   0.0     0.0     0.0     0.0     0.0     0.0     0.0     0.0     0.0     0.043   0.0     0.043   0.0     0.0     0.0     0.0     0.0     0.0     0.0     0.0     0.0     0.0     0.0     0.0     0.043   0.0     0.0     0.0     0.0     0.0     0.0     0.0     0.0     0.0     
59      0.0     0.0     0.026   0.0     0.0     0.0     0.0     0.0     0.0     0.0     0.0     0.0     0.154   0.0     0.051   0.026   0.0     0.0     0.026   0.0     0.0     0.0     0.231   0.0     0.0     0.0     0.0     0.0     0.0     0.0     0.051   0.0     0.0     0.0     0.0     0.077   0.0     0.0     0.0     0.026   0.0     0.0     0.0     0.051   0.103   0.026   0.026   0.026   0.0     0.0     0.077   0.0     0.0     0.0     0.0     0.0     0.0     0.0     0.0     0.0     0.0     0.0     0.0     0.026   0.0     0.0     0.0     0.0     0.0     0.0     0.0     0.0     
85      0.0     0.0     0.0     0.0     0.024   0.0     0.0     0.0     0.0     0.098   0.0     0.0     0.0     0.0     0.195   0.0     0.049   0.073   0.0     0.0     0.0     0.0     0.0     0.0     0.195   0.0     0.0     0.0     0.0     0.024   0.0     0.0     0.0     0.0     0.0     0.0     0.0     0.0     0.0     0.0     0.0     0.0     0.0     0.049   0.0     0.0     0.0     0.0     0.0     0.0     0.098   0.0     0.0     0.0     0.0     0.0     0.0     0.0     0.0     0.0     0.0     0.0     0.0     0.0     0.195   0.0     0.0     0.0     0.0     0.0     0.0     0.0     
83      0.0     0.0     0.0     0.0     0.018   0.0     0.0     0.071   0.027   0.0     0.018   0.071   0.062   0.0     0.027   0.0     0.0     0.018   0.0     0.0     0.0     0.0     0.265   0.0     0.071   0.088   0.0     0.0     0.0     0.0     0.018   0.0     0.0     0.0     0.0     0.0     0.0     0.0     0.0     0.088   0.0     0.009   0.0     0.0     0.071   0.0     0.0     0.0     0.0     0.0     0.0     0.0     0.0     0.0     0.0     0.0     0.0     0.0     0.0     0.0     0.027   0.0     0.0     0.0     0.0     0.0     0.0     0.044   0.009   0.0     0.0     0.0     
86      0.0     0.0     0.0     0.0     0.0     0.0     0.0     0.0     0.0     0.167   0.0     0.0     0.0     0.0     0.0     0.0     0.0     0.0     0.0     0.0     0.0     0.0     0.0     0.0     0.0     0.0     0.0     0.0     0.0     0.0     0.0     0.0     0.0     0.0     0.0     0.0     0.0     0.0     0.0     0.333   0.0     0.0     0.0     0.0     0.0     0.0     0.0     0.0     0.0     0.0     0.167   0.0     0.0     0.0     0.0     0.0     0.0     0.0     0.0     0.0     0.0     0.0     0.0     0.0     0.0     0.0     0.0     0.0     0.0     0.333   0.0     0.0     
88      0.0     0.0     0.0     0.0     0.0     0.0     0.0     0.0     0.0     0.0     0.0     0.0     0.0     0.0     0.0     0.0     0.0     0.0     0.0     0.0     0.0     0.0     0.0     0.0     0.0     0.0     0.0     0.0     0.0     0.0     0.0     0.0     0.0     0.0     0.0     0.0     0.0     0.0     0.0     0.0     0.0     0.0     0.0     0.0     1.0     0.0     0.0     0.0     0.0     0.0     0.0     0.0     0.0     0.0     0.0     0.0     0.0     0.0     0.0     0.0     0.0     0.0     0.0     0.0     0.0     0.0     0.0     0.0     0.0     0.0     0.0     0.0     
42      0.016   0.0     0.016   0.0     0.0     0.016   0.0     0.0     0.161   0.0     0.0     0.0     0.0     0.065   0.0     0.355   0.0     0.0     0.0     0.0     0.0     0.065   0.016   0.0     0.0     0.0     0.0     0.0     0.0     0.0     0.0     0.0     0.0     0.0     0.0     0.0     0.0     0.065   0.048   0.0     0.065   0.0     0.0     0.0     0.0     0.016   0.0     0.0     0.0     0.016   0.0     0.016   0.0     0.0     0.0     0.016   0.0     0.0     0.0     0.0     0.0     0.0     0.0     0.0     0.0     0.016   0.016   0.016   0.0     0.0     0.0     0.0     
49      0.069   0.0     0.034   0.034   0.0     0.034   0.0     0.0     0.0     0.0     0.0     0.0     0.0     0.0     0.034   0.207   0.0     0.0     0.103   0.069   0.0     0.034   0.0     0.0     0.0     0.0     0.0     0.034   0.0     0.0     0.0     0.0     0.0     0.0     0.0     0.103   0.0     0.034   0.0     0.0     0.0     0.0     0.0     0.0     0.0     0.0     0.0     0.069   0.0     0.034   0.0     0.0     0.0     0.0     0.0     0.0     0.0     0.0     0.0     0.0     0.0     0.0     0.034   0.0     0.0     0.0     0.0     0.0     0.0     0.0     0.034   0.034   
47      0.0     0.0     0.0     0.0     0.0     0.0     0.0     0.0     0.0     0.0     0.0     0.0     0.0     0.136   0.045   0.0     0.0     0.0     0.136   0.045   0.0     0.0     0.045   0.0     0.0     0.0     0.0     0.0     0.0     0.0     0.0     0.0     0.0     0.0     0.0     0.045   0.0     0.0     0.0     0.0     0.091   0.0     0.0     0.0     0.0     0.091   0.0     0.0     0.0     0.091   0.0     0.045   0.0     0.0     0.0     0.045   0.0     0.0     0.0     0.0     0.0     0.0     0.045   0.0     0.0     0.045   0.045   0.045   0.0     0.0     0.0     0.0     
78      0.0     0.0     0.0     0.0     0.0     0.0     0.0     0.0     0.0     0.0     0.0     0.0     0.0     0.0     0.0     1.0     0.0     0.0     0.0     0.0     0.0     0.0     0.0     0.0     0.0     0.0     0.0     0.0     0.0     0.0     0.0     0.0     0.0     0.0     0.0     0.0     0.0     0.0     0.0     0.0     0.0     0.0     0.0     0.0     0.0     0.0     0.0     0.0     0.0     0.0     0.0     0.0     0.0     0.0     0.0     0.0     0.0     0.0     0.0     0.0     0.0     0.0     0.0     0.0     0.0     0.0     0.0     0.0     0.0     0.0     0.0     0.0     
40      0.0     0.0     0.0     0.0     0.0     0.0     0.0     0.0     0.091   0.0     0.0     0.0     0.091   0.091   0.0     0.091   0.0     0.0     0.0     0.0     0.0     0.0     0.0     0.0     0.0     0.0     0.091   0.0     0.091   0.0     0.0     0.0     0.0     0.0     0.0     0.0     0.0     0.091   0.0     0.0     0.182   0.0     0.0     0.0     0.0     0.091   0.0     0.0     0.0     0.091   0.0     0.0     0.0     0.0     0.0     0.0     0.0     0.0     0.0     0.0     0.0     0.0     0.0     0.0     0.0     0.0     0.0     0.0     0.0     0.0     0.0     0.0     
62      0.062   0.0     0.0     0.0     0.0     0.0     0.0     0.0     0.188   0.0     0.0     0.0     0.0     0.0     0.062   0.0     0.062   0.062   0.125   0.0     0.0     0.0     0.0     0.0     0.0     0.0     0.0     0.125   0.062   0.062   0.0     0.0     0.0     0.062   0.0     0.062   0.0     0.0     0.0     0.0     0.0     0.0     0.0     0.0     0.0     0.0     0.062   0.0     0.0     0.0     0.0     0.0     0.0     0.0     0.0     0.0     0.0     0.0     0.0     0.0     0.0     0.0     0.0     0.0     0.0     0.0     0.0     0.0     0.0     0.0     0.0     0.0     
